100
100
0000110001000101001001001010001001101011000101001010100000011010100000000111100110000100001101001010
0111110001100100110010111111000111110001010011110111110011111110010100111000001010110100010110000100
1001101101100001011000011100001011001011001100011101111101011111100110001100000111100110001101111111
0111100010101000101100110000011000001101001000110001011111011001011000111101111011001001100100100110
1011101100101100001110101001100000010100001100011110011110100101000010010111101101011101000101011111
0000000010111110110100111110000111000110000001111111101010001100011110110000111011100001000010000000
0111100101010111111010100101010000000001110110100011111101000001010000110100011110001010101101001100
1000001100111000010101100100110000011110111000000110110101101100010000011011101010000100110101010110
1010010100001000101001001000010011000001001001110000010100001100011101101000100110110000110100110100
1110010000011100000011110011110111110111000100001011111111111110111000110110010001001011110011110100
0000010011001100011111110010010010001010111001101110001001100101010010110000100101111110111111111010
1110111001111101000000011000000001100111011110000011001111100010111010111011011001110111101100001000
1001010100101001001011010010101111111100010100100100001010110101001001100001101110000101100000000010
0101111110101111100101111010100100000001100101100000001000100010011000110010001101110110001001100111
0110110000011001011111001010100100011111101111000011001100010110110111110010111000001011000000000011
0011110011110111011100010100001100110001011010001110100110100100110001101101100111111111110000011111
1111111011110000110101111010001001101001001000010010000001111011100101110110111001100011111010000111
1001001100011010101101101110011010101010011100001110111010000000000011011101101011011111111001011010
1000111110111010011100110100000000100001110001110011001011110001000000111000000001111000101010010111
0111000111010010011110101101110011001100001111111111001010100101001100101110110101011111111110101011
0001100001100100000000010111110101101010110101011111110101011000000110011101110111110011110101111110
1100111101101101011100100001101000110101111100110110101110101100010110011010011110111101101101111001
1010000011101100011111100100001111101101100000100101101011101010110010101011111000010110000001011111
0011010010101111011010100001100000001000011101010110100110101111110010101000010000010011000111001000
1010011111010110010011111010010000010011001111010001111001101011101101010001110100001100111011100101
1100101011000100001011100011001001110010011011100010111010001101010100011000100010000111000011000100
0110010110101000000110111011001010110100111001010001101111111001010011101001010100011100100100100110
1110100100011010101100010110100010100110010111111111001011101011111011001101111001111011110001010101
0111100100011000011001110100000111001011111001110010001111001010011011101000010101100010100010001010
1011101000011001001100010011110001000001001010111111110100011001100100110110011101001011100010110011
0001010010110101010000011010000011010100111101111011110110101010001110110111101000000001010001110010
0110011001111110101000101100111110101101101010000010101101010100010100010111100100110100111110111100
0100011011101110010110000011110110001000110110110001111000001011100111010100001101111110010001000010
0000111110010000000001000101110110001000011101010000000100011101000010000000001101111010111001101100
1101001100100111111101111010101111011010001111101101011001101111100110101110010011000010110100001111
0111000111110100001100011001011110000101010110010000100011011001011101111000000010011100001101101110
1000010000110001000011011000111010101110011010000110000001001010011100010100011011011010101000011011
0100100100110001101110000101000100101110001100000011110000101011110101111011100101000011010111100111
1011001100100001011000011101101010101100001111010001010110111110110011101011111101101000000000111100
0010010111001000100100000010011100011010011010111101010100001110010010100110000111100000010100111110
0100111011010101110010000001000010001101111011111100011001011011011111111000110001011110111101110001
0100010100110111011101111001011101101001000001100011110111101010001001000010110011110111111000100011
1011110110010001110100100100111000010001010000011100110100101111010010000111111000001110011111110010
0010010001000001110011010011110100100110110001101110100011111100000001110010001110001101101010000000
0001001001000001010011111011001110011101000101000010011111101100101011001100101011001101110010010101
0010111011101011010100100010111000110000100000101110110100100111000011110010110100001010011111000111
0010100101010101111101110100000110110001110011011011011101001011010101010100100111101000011101011111
0100100100011100110011011110100010100011100001110001111100101011001111100010110110011010111100110000
1010000011010001101011011111111111001111100111111110001110111011001111111101010001110101001111010101
0101101101000001000111010001000001110011101000101100110010111011111000010001110111101001110001011011
0100110110000010011110111011011101011110011010010011010010110101100101101010001101111000110000010101
1101000000000000110101101000100101101111101010100101011100011011100100001001011000100110111101100001
0011110100010011101111001011100000101100001101100011100100100011011101001101100110100100000100101111
0011001011000011111100110111010111001011001111000000101011011000111110101001001100001101010000110000
1111001011101011111111101101011110111000111111101110101000101011000001111010010001111100001000011010
0100001000011101010110011000010100111100000111010100001011001110111101010111011100000011011100101111
0110100001111011110110111000010110011101000101110110101101100001101100001001001111000010000010010100
0000011010001001001001101110101001011011000010100111000101010100000110110001001010001001101111000101
0001001110000110011001011011110111001001001000100000011001001101100100101110100110000110001011111100
0100101100100000011011011010010111100001110100010011101011111001100100010110101110110110010011110001
1110001110001100001011101100010000011111000100001110111101001001100011100010001100101101010010001110
0011110001111011010001100010000001110110000010011010011001010100010011000110011010001001100001000100
0000011001001000010101011000001001111110001010010111010100110111111100001110100111011101101011000110
0100101100001001100001100110100100101000011011110000011011111100110111110001110111000100100010111011
1110000101010000001000110100101001000000100110101011100000101111011000001110011010000100001110110001
1011001100000010000010110010110000101101000001001000101111101101011100011100101111000001000010101101
1101101000001010001111110010011110010111111110111011000010001111001110000101110110100011111100101001
0110101111010100010110101011111100111010101010100101000111001000011110100001110010110111110101001101
1011000000010111010000110110010100001000110000100011010110100001110101100101011011011111000011000000
0011110000111000101000010110001110001001011010110111110010011011010001100100111111100100100101010100
1001110111000011010010011010011100101100101110000011110111000101111110001110100101110010011111001001
1001110011011101110110111011101111101010010100010111110010111010110111110110000010110001001110010001
0011001101011100010110000100000000000001010100101101100111110110001101011000101010011100001010001110
0100010001100000010110010101100100011000010000101111101010000011100110110110110011001011001011001011
0110000101000000100111011000010110000011100110000001110001101010010110000000101100110111111111100111
0100110110111100101010010100110000101101010101110000111011000100111111111100001110111010001110101101
0110010110010001101111001010101101100100000001110111000010101110100101100100001011101011110000000001
0000000101001011101011001100001111100001010100011010000101000111100100010001001101101011011101110101
1101101011001111101000010100100100011110111100011111111100110100111111010101001011111001000011101001
0100100111010100011010001100101000111010111111001101001100101001101100000011010110000001001010111000
0101001000001101000100001111011001111001000001000101100100100111101001111011100000010000011100110100
1000101011101001101001100101110111010000011111010000110000100011101100010001100111001000100010111011
1011001100000001101001101010101100101101100001101001111000111000110100100011000101101010001110111111
0110101001101100110001001111100111110101011101011010100110001001001010000100111100000011000111101101
0101011101101110101110001100011010001101011011111001111011001010010100011110101001011101100111110110
0101111110101000101101010010000100101101011111011010010001001010110001100001000111011101101011001010
1110011111110001011110101011110001010111111110101011101101011000000000011001011101010110011011000000
0011011001110011101101100000001110111101111010000000010010111011011011011011110100010101100110000110
0011000000000111111010000101111010110001111101011101110110101110111000011010101111101011011010000011
1011000010010010101101111010010010100110000000000101001010011001010011100000001100010001111110101001
0110111010111000100110010101101110101010111100000011000000000100011001101000101011111011100111011101
1111011100110111110101010110111101111000110001110001001011010110011010001011111001111110011110010100
0010111001001001010111000111101111011010011111011011101000011011101001010001110011001011001001111100
0001000011011111100011100000101111001000111000101010011111001010110111110110011110110110111100101111
1110010000000111001010101110000100010110000111110111111110010110001101101011101111100111011110000101
0011110011011100001011000010010101111010100001100001110011000101000110110011101111000111010000111001
1110001011110111010010011111110000111110010001100000110000100001111010001101100110101101101111101110
1011100010100000111000110101011101000000011011110001111000010000110000110110011001000100100111011000
0001011001000111111001011111111111000001010001100001111101011100001010110110110010101110001101111010
1011000000001001101010001111010000111001100000011101111101010100000101001110011000000001001000001100
